function mpc = iceland

%% Iceland network
%Data stats: 189 nodes, 35 generators and 206 branches

%% Source
% Paddy McNab, Durham University (Data received on 21 Jan, 2011)
% Orignal file was in PSAT format. It was converted into Matpower format.

%% Assumptions
% Following parameters were either not avilable in the orignal data or were
% inconsistent. 

% - Line limits
% - Real power generation bounds
% - Generation costs


%% W. A. Bukhsh March 2013
% send comments and questions to w.a.bukhsh@sms.ed.ac.uk

%% Acknowlegements
% This work is supported by the grant of School of Mathematics, University
% of Edinburgh. Please cite if you are using this data for your research.
%%
mpc.version = '2';
mpc.baseMVA = 100;

%% Bus Data
mpc.bus = [
1	1	0.00	0.00	0.00	0.00	1	1.05	-0.08	220.00	1	1.10	0.90;
2	2	0.59	0.26	0.00	0.00	1	0.99	0.06	13.80	1	1.10	0.90;
3	2	3.52	1.53	0.00	0.00	1	0.99	0.05	13.80	1	1.10	0.90;
4	2	0.00	0.00	0.00	0.00	1	0.99	-0.04	13.80	1	1.10	0.90;
5	1	0.00	0.00	0.00	0.00	1	0.98	0.03	66.00	1	1.10	0.90;
6	1	0.00	0.00	0.00	0.00	1	0.98	0.03	66.00	1	1.10	0.90;
7	1	0.00	0.00	0.00	0.00	1	1.06	-0.06	220.00	1	1.10	0.90;
8	2	0.00	0.00	0.00	0.00	1	0.99	0.00	10.50	1	1.10	0.90;
9	2	0.00	0.00	0.00	0.00	1	0.99	0.00	10.50	1	1.10	0.90;
10	3	0.00	0.00	0.00	0.00	1	0.99	0.00	10.50	1	1.10	0.90;
11	1	0.00	0.00	0.00	0.00	1	0.99	-0.07	132.00	1	1.10	0.90;
12	1	0.00	0.00	0.00	0.00	1	1.06	-0.06	220.00	1	1.10	0.90;
13	2	0.00	0.00	0.00	0.00	1	0.99	0.05	13.80	1	1.10	0.90;
14	2	0.00	0.00	0.00	0.00	1	0.99	0.05	13.80	1	1.10	0.90;
15	1	0.00	0.00	0.00	0.00	1	1.06	-0.06	220.00	1	1.10	0.90;
16	2	0.00	0.00	0.00	0.00	1	0.99	0.06	11.00	1	1.10	0.90;
17	1	0.00	0.00	0.00	0.00	1	1.05	-0.09	220.00	1	1.10	0.90;
18	2	0.00	0.00	0.00	0.00	1	1.06	0.00	11.00	1	1.10	0.90;
19	2	0.00	0.00	0.00	0.00	1	1.06	0.00	11.00	1	1.10	0.90;
20	1	0.00	0.00	0.00	0.00	1	1.05	-0.09	220.00	1	1.10	0.90;
21	1	0.00	0.00	0.00	0.00	1	1.04	-0.09	220.00	1	1.10	0.90;
22	1	7.33	7.10	0.00	0.00	1	0.96	-0.01	66.00	1	1.10	0.90;
23	1	2.84	1.89	0.00	0.00	1	0.97	0.00	66.00	1	1.10	0.90;
24	1	5.61	4.73	0.00	0.00	1	0.96	-0.02	66.00	1	1.10	0.90;
25	1	0.00	0.00	0.00	0.00	1	1.03	-0.12	220.00	1	1.10	0.90;
26	1	0.00	0.00	0.00	0.00	1	1.03	-0.08	132.00	1	1.10	0.90;
27	2	0.00	0.00	0.00	0.00	1	1.02	-0.02	10.50	1	1.10	0.90;
28	2	0.00	0.00	0.00	0.00	1	1.02	-0.02	10.50	1	1.10	0.90;
29	2	0.00	0.00	0.00	0.00	1	1.02	-0.03	10.50	1	1.10	0.90;
30	1	0.00	0.00	0.00	0.00	1	1.01	-0.04	66.00	1	1.10	0.90;
31	1	0.00	0.00	0.00	0.00	1	1.02	-0.02	66.00	1	1.10	0.90;
32	2	0.00	0.00	0.00	0.00	1	1.03	0.04	6.60	1	1.10	0.90;
33	2	0.00	0.00	0.00	0.00	1	1.03	0.04	6.60	1	1.10	0.90;
34	1	0.00	0.00	0.00	0.00	1	1.02	-0.02	6.60	1	1.10	0.90;
35	1	0.00	0.00	0.00	0.00	1	1.01	-0.04	66.00	1	1.10	0.90;
36	2	0.00	0.00	0.00	0.00	1	1.02	0.01	6.60	1	1.10	0.90;
37	1	2.83	1.23	0.00	0.00	1	0.99	-0.08	11.00	1	1.10	0.90;
38	1	5.85	3.53	0.00	0.00	1	1.01	-0.04	66.00	1	1.10	0.90;
39	1	0.00	0.00	0.00	0.00	1	1.02	-0.13	220.00	1	1.10	0.90;
40	1	0.00	0.00	0.00	0.00	1	1.02	-0.11	132.00	1	1.10	0.90;
41	1	0.00	0.00	0.00	0.00	1	1.02	-0.13	220.00	1	1.10	0.90;
42	2	0.00	0.00	0.00	0.00	1	1.05	-0.03	11.00	1	1.10	0.90;
43	2	0.00	0.00	0.00	0.00	1	1.05	-0.03	11.00	1	1.10	0.90;
44	1	8.26	5.12	0.00	0.00	1	0.97	-0.04	66.00	1	1.10	0.90;
45	1	4.01	2.73	0.00	0.00	1	0.92	-0.07	33.00	1	1.10	0.90;
46	1	0.00	0.00	0.00	0.00	1	1.03	-0.11	220.00	1	1.10	0.90;
47	1	0.00	0.00	0.00	0.00	1	1.02	-0.11	132.00	1	1.10	0.90;
48	1	0.00	0.00	0.00	0.00	1	1.02	-0.13	220.00	1	1.10	0.90;
49	1	7.55	2.50	0.00	0.00	1	1.03	-0.12	132.00	1	1.10	0.90;
50	2	0.00	0.00	0.00	0.00	1	1.05	-0.07	11.00	1	1.10	0.90;
51	2	0.00	0.00	0.00	0.00	1	1.05	-0.07	11.00	1	1.10	0.90;
52	2	0.00	0.00	0.00	0.00	1	1.05	-0.07	11.00	1	1.10	0.90;
53	2	0.00	0.00	0.00	0.00	1	1.05	-0.07	11.00	1	1.10	0.90;
54	1	6.23	2.05	0.00	0.00	1	1.01	-0.04	66.00	1	1.10	0.90;
55	1	0.00	0.00	0.00	0.00	1	1.03	-0.12	132.00	1	1.10	0.90;
56	1	0.00	0.00	0.00	0.00	1	1.03	-0.13	132.00	1	1.10	0.90;
57	1	0.00	0.00	0.00	0.00	1	1.02	-0.14	220.00	1	1.10	0.90;
58	1	0.00	0.00	0.00	0.30	1	1.02	-0.13	132.00	1	1.10	0.90;
59	1	0.00	0.00	0.00	0.00	1	1.02	-0.13	132.00	1	1.10	0.90;
60	1	200.86	68.47	0.00	0.00	1	0.98	-0.27	21.00	1	1.10	0.90;
61	1	0.00	0.00	0.00	0.00	1	1.01	-0.15	220.00	1	1.10	0.90;
62	1	0.00	0.00	0.00	0.00	1	1.01	-0.15	220.00	1	1.10	0.90;
63	1	110.14	36.81	0.00	0.00	1	1.00	-0.23	33.00	1	1.10	0.90;
64	1	0.00	0.00	0.00	0.00	1	1.02	-0.14	220.00	1	1.10	0.90;
65	1	50.00	12.00	0.00	0.00	1	1.03	-0.14	33.00	1	1.10	0.90;
66	1	0.00	0.00	0.00	0.00	1	1.02	-0.14	220.00	1	1.10	0.90;
67	1	80.00	20.00	0.00	0.00	1	1.03	-0.14	33.00	1	1.10	0.90;
68	1	56.00	14.00	0.00	0.00	1	1.03	-0.14	33.00	1	1.10	0.90;
69	1	0.00	0.00	0.00	0.00	1	1.02	-0.13	132.00	1	1.10	0.90;
70	1	34.04	20.90	0.00	0.00	1	1.00	-0.17	33.00	1	1.10	0.90;
71	1	0.00	0.00	0.00	0.08	1	1.02	-0.14	220.00	1	1.10	0.90;
72	1	0.00	0.00	0.00	0.43	1	1.03	-0.12	132.00	1	1.10	0.90;
73	1	0.00	0.00	0.00	0.00	1	1.03	-0.12	132.00	1	1.10	0.90;
74	1	17.33	9.28	0.00	0.00	1	1.00	-0.20	11.00	1	1.10	0.90;
75	1	0.00	0.00	0.00	0.00	1	1.02	-0.13	220.00	1	1.10	0.90;
76	1	0.00	0.00	0.00	0.75	1	1.01	-0.22	220.00	1	1.10	0.90;
77	1	0.55	0.24	0.00	0.00	1	0.99	-0.21	132.00	1	1.10	0.90;
78	1	7.76	3.38	0.00	0.00	1	1.01	-0.24	66.00	1	1.10	0.90;
79	1	0.00	0.00	0.00	0.00	1	1.01	-0.24	11.00	1	1.10	0.90;
80	1	125.01	31.30	0.00	0.00	1	1.00	-0.22	220.00	1	1.10	0.90;
81	1	379.00	92.49	0.00	0.00	1	1.00	-0.23	220.00	1	1.10	0.90;
82	1	0.00	0.00	0.00	0.00	1	1.02	-0.14	132.00	1	1.10	0.90;
83	1	25.98	18.84	0.00	0.00	1	1.06	-0.15	11.00	1	1.10	0.90;
84	1	0.00	0.00	0.00	0.00	1	1.02	-0.14	132.00	1	1.10	0.90;
85	1	15.83	10.92	0.00	0.00	1	0.99	-0.17	11.00	1	1.10	0.90;
86	1	0.00	0.00	0.00	0.00	1	1.02	-0.14	132.00	1	1.10	0.90;
87	1	8.34	8.96	0.00	0.00	1	1.00	-0.14	11.00	1	1.10	0.90;
88	1	0.00	0.00	0.00	0.00	1	1.03	-0.12	132.00	1	1.10	0.90;
89	1	15.47	8.04	0.00	0.00	1	0.98	-0.16	11.00	1	1.10	0.90;
90	1	0.00	0.00	0.00	0.00	1	1.03	-0.12	132.00	1	1.10	0.90;
91	1	8.26	4.25	0.00	0.00	1	1.02	-0.14	11.00	1	1.10	0.90;
92	1	0.00	0.00	0.00	0.00	1	1.03	-0.12	132.00	1	1.10	0.90;
93	1	15.11	10.00	0.00	0.00	1	1.03	0.02	132.00	1	1.10	0.90;
94	1	0.00	0.00	0.00	0.00	1	1.03	0.06	132.00	1	1.10	0.90;
95	1	0.00	0.00	0.00	0.00	1	1.03	0.06	11.00	1	1.10	0.90;
96	1	0.00	0.00	0.00	0.00	1	1.03	0.05	132.00	1	1.10	0.90;
97	1	0.00	0.00	0.00	0.00	1	1.03	0.09	132.00	1	1.10	0.90;
98	2	0.00	0.00	0.00	0.00	1	1.03	0.17	11.00	1	1.10	0.90;
99	2	0.00	0.00	0.00	0.00	1	1.03	0.17	11.00	1	1.10	0.90;
100	1	0.00	0.00	0.00	0.00	1	1.03	0.09	11.00	1	1.10	0.90;
101	1	0.00	0.00	0.00	0.00	1	1.03	0.09	11.00	1	1.10	0.90;
102	2	3.78	1.25	0.00	0.00	1	1.05	0.17	11.00	1	1.10	0.90;
103	1	0.00	0.00	0.00	0.00	1	0.98	-0.20	132.00	1	1.10	0.90;
104	2	22.13	4.05	0.00	0.00	1	1.00	-0.29	66.00	1	1.10	0.90;
105	1	5.35	2.33	0.00	0.00	1	0.98	-0.32	19.00	1	1.10	0.90;
106	1	0.00	0.00	0.00	0.00	1	0.98	-0.32	0.41	1	1.10	0.90;
107	1	0.00	0.00	0.00	0.00	1	1.00	-0.29	11.00	1	1.10	0.90;
108	1	0.00	0.00	0.00	0.00	1	0.98	-0.32	11.00	1	1.10	0.90;
109	1	0.00	0.00	0.00	0.00	1	0.99	-0.15	132.00	1	1.10	0.90;
110	1	1.80	0.20	0.00	0.00	1	0.99	-0.16	19.00	1	1.10	0.90;
111	1	0.00	0.00	0.00	0.00	1	0.99	-0.16	0.41	1	1.10	0.90;
112	1	0.00	0.00	0.00	0.00	1	0.99	-0.16	11.00	1	1.10	0.90;
113	1	0.00	0.00	0.00	0.00	1	0.99	-0.17	132.00	1	1.10	0.90;
114	1	3.00	-1.00	0.00	0.00	1	1.07	-0.20	33.00	1	1.10	0.90;
115	1	0.00	0.00	0.00	0.00	1	0.98	-0.21	132.00	1	1.10	0.90;
116	1	20.00	2.11	0.00	0.00	1	0.99	-0.28	66.00	1	1.10	0.90;
117	2	4.00	1.05	0.00	0.00	1	1.03	-0.24	6.30	1	1.10	0.90;
118	1	0.00	0.00	0.00	0.00	1	1.01	-0.26	33.00	1	1.10	0.90;
119	1	0.00	0.00	0.00	0.00	1	0.99	-0.13	132.00	1	1.10	0.90;
120	1	2.57	1.12	0.00	0.00	1	1.00	-0.15	19.00	1	1.10	0.90;
121	1	0.00	0.00	0.00	0.00	1	1.00	-0.15	0.41	1	1.10	0.90;
122	1	0.00	0.00	0.00	0.00	1	1.00	-0.15	11.00	1	1.10	0.90;
123	1	0.00	0.00	0.00	0.00	1	1.01	-0.01	132.00	1	1.10	0.90;
124	1	5.00	0.92	0.00	0.00	1	1.03	-0.07	33.00	1	1.10	0.90;
125	1	0.00	0.00	0.00	0.00	1	1.02	0.04	132.00	1	1.10	0.90;
126	2	0.00	0.00	0.00	0.00	1	1.02	0.10	11.00	1	1.10	0.90;
